   start[kHz] stop[kHz] bw[kHz]
  1     20.00     24.62    4.62
  2     24.62     29.25    4.62
  3     29.25     33.88    4.62
  4     33.88     38.50    4.62
  5     38.50     43.12    4.62
  6     43.12     47.75    4.62
  7     47.75     52.38    4.62
  8     52.38     57.00    4.62
  9     57.00     61.62    4.62
 10     61.62     66.25    4.62
 11     66.25     70.88    4.62
 12     70.88     75.50    4.62
 13     75.50     80.12    4.62
 14     80.12     84.75    4.62
 15     84.75     89.38    4.62
 16     89.38     94.00    4.62
 17     94.00     98.62    4.62
 18     98.62    103.25    4.62
 19    103.25    107.88    4.62
 20    107.88    112.50    4.62
 21    112.50    117.12    4.62
 22    117.12    121.75    4.62
 23    121.75    126.38    4.62
 24    126.38    131.00    4.62
 25    131.00    135.62    4.62
 26    135.62    140.25    4.62
 27    140.25    144.88    4.62
 28    144.88    149.50    4.62
 29    149.50    154.12    4.62
 30    154.12    158.75    4.62
 31    158.75    163.38    4.62
 32    163.38    168.00    4.62
 33    168.00    172.62    4.62
 34    172.62    177.25    4.62
 35    177.25    181.88    4.62
 36    181.88    186.50    4.62
 37    186.50    191.12    4.62
 38    191.12    195.75    4.62
 39    195.75    200.38    4.62
 40    200.38    205.00    4.62
 41    205.00    209.62    4.62
 42    209.62    214.25    4.62
 43    214.25    218.88    4.62
 44    218.88    223.50    4.62
 45    223.50    228.12    4.62
 46    228.12    232.75    4.62
 47    232.75    237.38    4.62
 48    237.38    242.00    4.62
 49    242.00    246.62    4.62
 50    246.62    251.25    4.62
 51    251.25    255.88    4.62
 52    255.88    260.50    4.62
 53    260.50    265.12    4.62
 54    265.12    269.75    4.62
 55    269.75    274.38    4.62
 56    274.38    279.00    4.62
 57    279.00    283.62    4.62
 58    283.62    288.25    4.62
 59    288.25    292.88    4.62
 60    292.88    297.50    4.62
 61    297.50    302.12    4.62
 62    302.12    306.75    4.62
 63    306.75    311.38    4.62
 64    311.38    316.00    4.62
 65    316.00    320.62    4.62
 66    320.62    325.25    4.62
 67    325.25    329.88    4.62
 68    329.88    334.50    4.62
 69    334.50    339.12    4.62
 70    339.12    343.75    4.62
 71    343.75    348.38    4.62
 72    348.38    353.00    4.62
 73    353.00    357.62    4.62
 74    357.62    362.25    4.62
 75    362.25    366.88    4.62
 76    366.88    371.50    4.62
 77    371.50    376.12    4.62
 78    376.12    380.75    4.62
 79    380.75    385.38    4.62
 80    385.38    390.00    4.62
 81    390.00    394.62    4.62
 82    394.62    399.25    4.62
 83    399.25    403.88    4.62
 84    403.88    408.50    4.62
 85    408.50    413.12    4.62
 86    413.12    417.75    4.62
 87    417.75    422.38    4.62
 88    422.38    427.00    4.62
 89    427.00    431.62    4.62
 90    431.62    436.25    4.62
 91    436.25    440.88    4.62
 92    440.88    445.50    4.62
 93    445.50    450.12    4.62
 94    450.12    454.75    4.62
 95    454.75    459.38    4.62
 96    459.38    464.00    4.62
 97    464.00    482.50   18.50
 98    482.50    501.00   18.50
 99    501.00    519.50   18.50
100    519.50    538.00   18.50
101    538.00    556.50   18.50
102    556.50    575.00   18.50
103    575.00    593.50   18.50
104    593.50    612.00   18.50
105    612.00    630.50   18.50
106    630.50    649.00   18.50
107    649.00    667.50   18.50
108    667.50    686.00   18.50
109    686.00    704.50   18.50
110    704.50    723.00   18.50
111    723.00    741.50   18.50
112    741.50    760.00   18.50
113    760.00    778.50   18.50
114    778.50    797.00   18.50
115    797.00    815.50   18.50
116    815.50    834.00   18.50
117    834.00    852.50   18.50
118    852.50    871.00   18.50
119    871.00    889.50   18.50
120    889.50    908.00   18.50
121    908.00    926.50   18.50
122    926.50    945.00   18.50
123    945.00    963.50   18.50
124    963.50    982.00   18.50
125    982.00   1000.50   18.50
126   1000.50   1019.00   18.50
127   1019.00   1037.50   18.50
128   1037.50   1056.00   18.50
129   1056.00   1074.50   18.50
130   1074.50   1093.00   18.50
131   1093.00   1111.50   18.50
132   1111.50   1130.00   18.50
133   1130.00   1148.50   18.50
134   1148.50   1167.00   18.50
135   1167.00   1185.50   18.50
136   1185.50   1204.00   18.50
137   1204.00   1222.50   18.50
138   1222.50   1241.00   18.50
139   1241.00   1259.50   18.50
140   1259.50   1278.00   18.50
141   1278.00   1296.50   18.50
142   1296.50   1315.00   18.50
143   1315.00   1333.50   18.50
144   1333.50   1352.00   18.50
145   1352.00   1370.50   18.50
146   1370.50   1389.00   18.50
147   1389.00   1407.50   18.50
148   1407.50   1426.00   18.50
149   1426.00   1444.50   18.50
150   1444.50   1463.00   18.50
151   1463.00   1481.50   18.50
152   1481.50   1500.00   18.50
153   1500.00   1518.50   18.50
154   1518.50   1537.00   18.50
155   1537.00   1555.50   18.50
156   1555.50   1574.00   18.50
157   1574.00   1592.50   18.50
158   1592.50   1611.00   18.50
159   1611.00   1629.50   18.50
160   1629.50   1648.00   18.50
161   1648.00   1666.50   18.50
162   1666.50   1685.00   18.50
163   1685.00   1703.50   18.50
164   1703.50   1722.00   18.50
165   1722.00   1740.50   18.50
166   1740.50   1759.00   18.50
167   1759.00   1777.50   18.50
168   1777.50   1796.00   18.50
169   1796.00   1814.50   18.50
170   1814.50   1833.00   18.50
171   1833.00   1851.50   18.50
172   1851.50   1870.00   18.50
173   1870.00   1888.50   18.50
174   1888.50   1907.00   18.50
175   1907.00   1925.50   18.50
176   1925.50   1944.00   18.50
177   1944.00   1962.50   18.50
178   1962.50   1981.00   18.50
179   1981.00   1999.50   18.50
180   1999.50   2018.00   18.50
181   2018.00   2092.00   74.00
182   2092.00   2166.00   74.00
183   2166.00   2240.00   74.00
184   2240.00   2314.00   74.00
185   2314.00   2388.00   74.00
186   2388.00   2462.00   74.00
187   2462.00   2536.00   74.00
188   2536.00   2610.00   74.00
189   2610.00   2684.00   74.00
190   2684.00   2758.00   74.00
191   2758.00   2832.00   74.00
192   2832.00   2906.00   74.00
193   2906.00   2980.00   74.00
194   2980.00   3054.00   74.00
195   3054.00   3128.00   74.00
196   3128.00   3202.00   74.00
197   3202.00   3276.00   74.00
198   3276.00   3350.00   74.00
199   3350.00   3424.00   74.00
200   3424.00   3498.00   74.00
201   3498.00   3572.00   74.00
202   3572.00   4238.00  666.00
203   4238.00   4904.00  666.00
204   4904.00   5570.00  666.00
205   5570.00   6236.00  666.00
206   6236.00   6902.00  666.00
207   6902.00   7568.00  666.00
208   7568.00   8234.00  666.00
209   8234.00   8900.00  666.00
210   8900.00   9566.00  666.00
211   9566.00  10232.00  666.00
212  10232.00  10898.00  666.00
213  10898.00  11564.00  666.00
214  11564.00  12230.00  666.00
215  12230.00  12896.00  666.00
216  12896.00  13562.00  666.00
217  13562.00  14228.00  666.00
218  14228.00  14894.00  666.00
219  14894.00  15560.00  666.00
220  15560.00  16226.00  666.00
221  16226.00  16892.00  666.00
222  16892.00  17558.00  666.00
223  17558.00  18224.00  666.00
224  18224.00  18890.00  666.00
225  18890.00  19556.00  666.00
226  19556.00  20222.00  666.00
227  20222.00  20888.00  666.00
228  20888.00  21554.00  666.00
229  21554.00  22220.00  666.00
230  22220.00  22886.00  666.00
231  22886.00  23552.00  666.00
232  23552.00  24218.00  666.00
233  24218.00  24884.00  666.00
234  24884.00  25550.00  666.00
235  25550.00  26216.00  666.00
236  26216.00  27104.00  888.00
237  27104.00  27992.00  888.00
238  27992.00  28880.00  888.00
239  28880.00  29768.00  888.00
240  29768.00  30656.00  888.00
241  30656.00  31544.00  888.00
242  31544.00  32432.00  888.00
243  32432.00  33320.00  888.00
244  33320.00  34208.00  888.00
245  34208.00  35096.00  888.00
246  35096.00  35984.00  888.00
247  35984.00  36872.00  888.00
248  36872.00  37760.00  888.00
249  37760.00  38648.00  888.00
250  38648.00  39536.00  888.00
251  39536.00  40424.00  888.00
252  40424.00  41312.00  888.00
253  41312.00  42200.00  888.00
254  42200.00  43088.00  888.00
255  43088.00  43976.00  888.00
256  43976.00  44864.00  888.00
