   start[kHz] stop[kHz] bw[kHz]
  1     20.00     29.25    9.25
  2     29.25     38.50    9.25
  3     38.50     47.75    9.25
  4     47.75     57.00    9.25
  5     57.00     66.25    9.25
  6     66.25     75.50    9.25
  7     75.50     84.75    9.25
  8     84.75     94.00    9.25
  9     94.00    103.25    9.25
 10    103.25    112.50    9.25
 11    112.50    121.75    9.25
 12    121.75    131.00    9.25
 13    131.00    140.25    9.25
 14    140.25    149.50    9.25
 15    149.50    158.75    9.25
 16    158.75    168.00    9.25
 17    168.00    177.25    9.25
 18    177.25    186.50    9.25
 19    186.50    195.75    9.25
 20    195.75    205.00    9.25
 21    205.00    214.25    9.25
 22    214.25    223.50    9.25
 23    223.50    232.75    9.25
 24    232.75    242.00    9.25
 25    242.00    260.50   18.50
 26    260.50    279.00   18.50
 27    279.00    297.50   18.50
 28    297.50    316.00   18.50
 29    316.00    334.50   18.50
 30    334.50    353.00   18.50
 31    353.00    371.50   18.50
 32    371.50    390.00   18.50
 33    390.00    408.50   18.50
 34    408.50    427.00   18.50
 35    427.00    445.50   18.50
 36    445.50    464.00   18.50
 37    464.00    501.00   37.00
 38    501.00    538.00   37.00
 39    538.00    575.00   37.00
 40    575.00    612.00   37.00
 41    612.00    649.00   37.00
 42    649.00    686.00   37.00
 43    686.00    723.00   37.00
 44    723.00    760.00   37.00
 45    760.00    797.00   37.00
 46    797.00    834.00   37.00
 47    834.00    871.00   37.00
 48    871.00    908.00   37.00
 49    908.00    982.00   74.00
 50    982.00   1056.00   74.00
 51   1056.00   1130.00   74.00
 52   1130.00   1204.00   74.00
 53   1204.00   1278.00   74.00
 54   1278.00   1352.00   74.00
 55   1352.00   1426.00   74.00
 56   1426.00   1500.00   74.00
 57   1500.00   1574.00   74.00
 58   1574.00   1648.00   74.00
 59   1648.00   1722.00   74.00
 60   1722.00   1796.00   74.00
 61   1796.00   1870.00   74.00
 62   1870.00   1944.00   74.00
 63   1944.00   2018.00   74.00
 64   2018.00   2240.00  222.00
 65   2240.00   2462.00  222.00
 66   2462.00   2684.00  222.00
 67   2684.00   2906.00  222.00
 68   2906.00   3128.00  222.00
 69   3128.00   3350.00  222.00
 70   3350.00   3572.00  222.00
 71   3572.00   3794.00  222.00
 72   3794.00   4016.00  222.00
 73   4016.00   4238.00  222.00
 74   4238.00   4460.00  222.00
 75   4460.00   4682.00  222.00
 76   4682.00   4904.00  222.00
 77   4904.00   5126.00  222.00
 78   5126.00   5348.00  222.00
 79   5348.00   5570.00  222.00
 80   5570.00   5792.00  222.00
 81   5792.00   6014.00  222.00
 82   6014.00   6236.00  222.00
 83   6236.00   6458.00  222.00
 84   6458.00   6680.00  222.00
 85   6680.00   6902.00  222.00
 86   6902.00   7124.00  222.00
 87   7124.00   7346.00  222.00
 88   7346.00   7568.00  222.00
 89   7568.00   7790.00  222.00
 90   7790.00   8012.00  222.00
 91   8012.00   8234.00  222.00
 92   8234.00   8456.00  222.00
 93   8456.00   8678.00  222.00
 94   8678.00   8900.00  222.00
 95   8900.00   9122.00  222.00
 96   9122.00   9344.00  222.00
 97   9344.00   9566.00  222.00
 98   9566.00   9788.00  222.00
 99   9788.00  10010.00  222.00
100  10010.00  10232.00  222.00
101  10232.00  10454.00  222.00
102  10454.00  10676.00  222.00
103  10676.00  10898.00  222.00
104  10898.00  11120.00  222.00
105  11120.00  11342.00  222.00
106  11342.00  11564.00  222.00
107  11564.00  11786.00  222.00
108  11786.00  12008.00  222.00
109  12008.00  12230.00  222.00
110  12230.00  12452.00  222.00
111  12452.00  12674.00  222.00
112  12674.00  12896.00  222.00
113  12896.00  13118.00  222.00
114  13118.00  13340.00  222.00
115  13340.00  13562.00  222.00
116  13562.00  13784.00  222.00
117  13784.00  14006.00  222.00
118  14006.00  14228.00  222.00
119  14228.00  14450.00  222.00
120  14450.00  14672.00  222.00
121  14672.00  14894.00  222.00
122  14894.00  15116.00  222.00
123  15116.00  15338.00  222.00
124  15338.00  15560.00  222.00
125  15560.00  15782.00  222.00
126  15782.00  16004.00  222.00
127  16004.00  16226.00  222.00
128  16226.00  16448.00  222.00
129  16448.00  16670.00  222.00
130  16670.00  16892.00  222.00
131  16892.00  17114.00  222.00
132  17114.00  17336.00  222.00
133  17336.00  17558.00  222.00
134  17558.00  17780.00  222.00
135  17780.00  18002.00  222.00
136  18002.00  18224.00  222.00
137  18224.00  18446.00  222.00
138  18446.00  18668.00  222.00
139  18668.00  18890.00  222.00
140  18890.00  19112.00  222.00
141  19112.00  19334.00  222.00
142  19334.00  19556.00  222.00
143  19556.00  19778.00  222.00
144  19778.00  20000.00  222.00
145  20000.00  20222.00  222.00
146  20222.00  20444.00  222.00
147  20444.00  20666.00  222.00
148  20666.00  20888.00  222.00
149  20888.00  21110.00  222.00
150  21110.00  21332.00  222.00
151  21332.00  21554.00  222.00
152  21554.00  21776.00  222.00
153  21776.00  21998.00  222.00
154  21998.00  22220.00  222.00
155  22220.00  22442.00  222.00
156  22442.00  22664.00  222.00
157  22664.00  22886.00  222.00
158  22886.00  23108.00  222.00
159  23108.00  23330.00  222.00
160  23330.00  23552.00  222.00
161  23552.00  23774.00  222.00
162  23774.00  23996.00  222.00
163  23996.00  24218.00  222.00
164  24218.00  24440.00  222.00
165  24440.00  24662.00  222.00
166  24662.00  24884.00  222.00
167  24884.00  25106.00  222.00
168  25106.00  25328.00  222.00
169  25328.00  25550.00  222.00
170  25550.00  25772.00  222.00
171  25772.00  25994.00  222.00
172  25994.00  26216.00  222.00
173  26216.00  26438.00  222.00
174  26438.00  26660.00  222.00
175  26660.00  26882.00  222.00
176  26882.00  27104.00  222.00
177  27104.00  27326.00  222.00
178  27326.00  27548.00  222.00
179  27548.00  27770.00  222.00
180  27770.00  27992.00  222.00
181  27992.00  28214.00  222.00
182  28214.00  28436.00  222.00
183  28436.00  28658.00  222.00
184  28658.00  28880.00  222.00
185  28880.00  29102.00  222.00
186  29102.00  29324.00  222.00
187  29324.00  29546.00  222.00
188  29546.00  29768.00  222.00
189  29768.00  29990.00  222.00
190  29990.00  30212.00  222.00
191  30212.00  30434.00  222.00
192  30434.00  30656.00  222.00
193  30656.00  30878.00  222.00
194  30878.00  31100.00  222.00
195  31100.00  31322.00  222.00
196  31322.00  31544.00  222.00
197  31544.00  31766.00  222.00
198  31766.00  31988.00  222.00
199  31988.00  32210.00  222.00
200  32210.00  32432.00  222.00
201  32432.00  32654.00  222.00
202  32654.00  32876.00  222.00
203  32876.00  33098.00  222.00
204  33098.00  33320.00  222.00
205  33320.00  33542.00  222.00
206  33542.00  33764.00  222.00
207  33764.00  33986.00  222.00
208  33986.00  34208.00  222.00
209  34208.00  34430.00  222.00
210  34430.00  34652.00  222.00
211  34652.00  34874.00  222.00
212  34874.00  35096.00  222.00
213  35096.00  35318.00  222.00
214  35318.00  35540.00  222.00
215  35540.00  35762.00  222.00
216  35762.00  35984.00  222.00
217  35984.00  36206.00  222.00
218  36206.00  36428.00  222.00
219  36428.00  36650.00  222.00
220  36650.00  36872.00  222.00
221  36872.00  37094.00  222.00
222  37094.00  37316.00  222.00
223  37316.00  37538.00  222.00
224  37538.00  37760.00  222.00
225  37760.00  37982.00  222.00
226  37982.00  38204.00  222.00
227  38204.00  38426.00  222.00
228  38426.00  38648.00  222.00
229  38648.00  38870.00  222.00
230  38870.00  39092.00  222.00
231  39092.00  39314.00  222.00
232  39314.00  39536.00  222.00
233  39536.00  39758.00  222.00
234  39758.00  39980.00  222.00
235  39980.00  40202.00  222.00
236  40202.00  40424.00  222.00
237  40424.00  40646.00  222.00
238  40646.00  40868.00  222.00
239  40868.00  41090.00  222.00
240  41090.00  41312.00  222.00
241  41312.00  41534.00  222.00
242  41534.00  41756.00  222.00
243  41756.00  41978.00  222.00
244  41978.00  42200.00  222.00
245  42200.00  42422.00  222.00
246  42422.00  42644.00  222.00
247  42644.00  42866.00  222.00
248  42866.00  43088.00  222.00
249  43088.00  43310.00  222.00
250  43310.00  43532.00  222.00
251  43532.00  43754.00  222.00
252  43754.00  43976.00  222.00
253  43976.00  44198.00  222.00
254  44198.00  44420.00  222.00
255  44420.00  44642.00  222.00
256  44642.00  44864.00  222.00
