   start[kHz] stop[kHz] bw[kHz]
  1     80.00     84.62    4.62
  2     84.62     89.25    4.62
  3     89.25     93.88    4.62
  4     93.88     98.50    4.62
  5     98.50    103.12    4.62
  6    103.12    107.75    4.62
  7    107.75    112.38    4.62
  8    112.38    117.00    4.62
  9    117.00    121.62    4.62
 10    121.62    126.25    4.62
 11    126.25    130.88    4.62
 12    130.88    135.50    4.62
 13    135.50    140.12    4.62
 14    140.12    144.75    4.62
 15    144.75    149.38    4.62
 16    149.38    154.00    4.62
 17    154.00    158.62    4.62
 18    158.62    163.25    4.62
 19    163.25    167.88    4.62
 20    167.88    172.50    4.62
 21    172.50    177.12    4.62
 22    177.12    181.75    4.62
 23    181.75    186.38    4.62
 24    186.38    191.00    4.62
 25    191.00    195.62    4.62
 26    195.62    200.25    4.62
 27    200.25    204.88    4.62
 28    204.88    209.50    4.62
 29    209.50    214.12    4.62
 30    214.12    218.75    4.62
 31    218.75    223.38    4.62
 32    223.38    228.00    4.62
 33    228.00    232.62    4.62
 34    232.62    237.25    4.62
 35    237.25    241.88    4.62
 36    241.88    246.50    4.62
 37    246.50    251.12    4.62
 38    251.12    255.75    4.62
 39    255.75    260.38    4.62
 40    260.38    265.00    4.62
 41    265.00    269.62    4.62
 42    269.62    274.25    4.62
 43    274.25    278.88    4.62
 44    278.88    283.50    4.62
 45    283.50    288.12    4.62
 46    288.12    292.75    4.62
 47    292.75    297.38    4.62
 48    297.38    302.00    4.62
 49    302.00    306.62    4.62
 50    306.62    311.25    4.62
 51    311.25    315.88    4.62
 52    315.88    320.50    4.62
 53    320.50    325.12    4.62
 54    325.12    329.75    4.62
 55    329.75    334.38    4.62
 56    334.38    339.00    4.62
 57    339.00    343.62    4.62
 58    343.62    348.25    4.62
 59    348.25    352.88    4.62
 60    352.88    357.50    4.62
 61    357.50    362.12    4.62
 62    362.12    366.75    4.62
 63    366.75    371.38    4.62
 64    371.38    376.00    4.62
 65    376.00    380.62    4.62
 66    380.62    385.25    4.62
 67    385.25    389.88    4.62
 68    389.88    394.50    4.62
 69    394.50    399.12    4.62
 70    399.12    403.75    4.62
 71    403.75    408.38    4.62
 72    408.38    413.00    4.62
 73    413.00    417.62    4.62
 74    417.62    422.25    4.62
 75    422.25    426.88    4.62
 76    426.88    431.50    4.62
 77    431.50    436.12    4.62
 78    436.12    440.75    4.62
 79    440.75    445.38    4.62
 80    445.38    450.00    4.62
 81    450.00    454.62    4.62
 82    454.62    459.25    4.62
 83    459.25    463.88    4.62
 84    463.88    468.50    4.62
 85    468.50    473.12    4.62
 86    473.12    477.75    4.62
 87    477.75    482.38    4.62
 88    482.38    487.00    4.62
 89    487.00    491.62    4.62
 90    491.62    496.25    4.62
 91    496.25    500.88    4.62
 92    500.88    505.50    4.62
 93    505.50    510.12    4.62
 94    510.12    514.75    4.62
 95    514.75    519.38    4.62
 96    519.38    524.00    4.62
 97    524.00    542.50   18.50
 98    542.50    561.00   18.50
 99    561.00    579.50   18.50
100    579.50    598.00   18.50
101    598.00    616.50   18.50
102    616.50    635.00   18.50
103    635.00    653.50   18.50
104    653.50    672.00   18.50
105    672.00    690.50   18.50
106    690.50    709.00   18.50
107    709.00    727.50   18.50
108    727.50    746.00   18.50
109    746.00    764.50   18.50
110    764.50    783.00   18.50
111    783.00    801.50   18.50
112    801.50    820.00   18.50
113    820.00    838.50   18.50
114    838.50    857.00   18.50
115    857.00    875.50   18.50
116    875.50    894.00   18.50
117    894.00    912.50   18.50
118    912.50    931.00   18.50
119    931.00    949.50   18.50
120    949.50    968.00   18.50
121    968.00    986.50   18.50
122    986.50   1005.00   18.50
123   1005.00   1023.50   18.50
124   1023.50   1042.00   18.50
125   1042.00   1060.50   18.50
126   1060.50   1079.00   18.50
127   1079.00   1097.50   18.50
128   1097.50   1116.00   18.50
129   1116.00   1134.50   18.50
130   1134.50   1153.00   18.50
131   1153.00   1171.50   18.50
132   1171.50   1190.00   18.50
133   1190.00   1208.50   18.50
134   1208.50   1227.00   18.50
135   1227.00   1245.50   18.50
136   1245.50   1264.00   18.50
137   1264.00   1282.50   18.50
138   1282.50   1301.00   18.50
139   1301.00   1319.50   18.50
140   1319.50   1338.00   18.50
141   1338.00   1356.50   18.50
142   1356.50   1375.00   18.50
143   1375.00   1393.50   18.50
144   1393.50   1412.00   18.50
145   1412.00   1430.50   18.50
146   1430.50   1449.00   18.50
147   1449.00   1467.50   18.50
148   1467.50   1486.00   18.50
149   1486.00   1504.50   18.50
150   1504.50   1523.00   18.50
151   1523.00   1541.50   18.50
152   1541.50   1560.00   18.50
153   1560.00   1578.50   18.50
154   1578.50   1597.00   18.50
155   1597.00   1615.50   18.50
156   1615.50   1634.00   18.50
157   1634.00   1652.50   18.50
158   1652.50   1671.00   18.50
159   1671.00   1689.50   18.50
160   1689.50   1708.00   18.50
161   1708.00   1726.50   18.50
162   1726.50   1745.00   18.50
163   1745.00   1763.50   18.50
164   1763.50   1782.00   18.50
165   1782.00   1800.50   18.50
166   1800.50   1819.00   18.50
167   1819.00   1837.50   18.50
168   1837.50   1856.00   18.50
169   1856.00   1874.50   18.50
170   1874.50   1893.00   18.50
171   1893.00   1911.50   18.50
172   1911.50   1930.00   18.50
173   1930.00   1948.50   18.50
174   1948.50   1967.00   18.50
175   1967.00   1985.50   18.50
176   1985.50   2004.00   18.50
177   2004.00   2022.50   18.50
178   2022.50   2041.00   18.50
179   2041.00   2059.50   18.50
180   2059.50   2078.00   18.50
181   2078.00   2152.00   74.00
182   2152.00   2226.00   74.00
183   2226.00   2300.00   74.00
184   2300.00   2374.00   74.00
185   2374.00   2448.00   74.00
186   2448.00   2522.00   74.00
187   2522.00   2596.00   74.00
188   2596.00   2670.00   74.00
189   2670.00   2744.00   74.00
190   2744.00   2818.00   74.00
191   2818.00   2892.00   74.00
192   2892.00   2966.00   74.00
193   2966.00   3040.00   74.00
194   3040.00   3114.00   74.00
195   3114.00   3188.00   74.00
196   3188.00   3262.00   74.00
197   3262.00   3336.00   74.00
198   3336.00   3410.00   74.00
199   3410.00   3484.00   74.00
200   3484.00   3558.00   74.00
201   3558.00   3632.00   74.00
202   3632.00   4076.00  444.00
203   4076.00   4520.00  444.00
204   4520.00   4964.00  444.00
205   4964.00   5408.00  444.00
206   5408.00   5852.00  444.00
207   5852.00   6296.00  444.00
208   6296.00   6740.00  444.00
209   6740.00   7184.00  444.00
210   7184.00   7628.00  444.00
211   7628.00   8072.00  444.00
212   8072.00   8516.00  444.00
213   8516.00   8960.00  444.00
214   8960.00   9404.00  444.00
215   9404.00   9848.00  444.00
216   9848.00  10292.00  444.00
217  10292.00  10736.00  444.00
218  10736.00  11180.00  444.00
219  11180.00  11624.00  444.00
220  11624.00  12068.00  444.00
221  12068.00  12512.00  444.00
222  12512.00  12956.00  444.00
223  12956.00  13400.00  444.00
224  13400.00  13844.00  444.00
225  13844.00  14288.00  444.00
226  14288.00  14732.00  444.00
227  14732.00  15176.00  444.00
228  15176.00  15620.00  444.00
229  15620.00  16064.00  444.00
230  16064.00  16952.00  888.00
231  16952.00  17840.00  888.00
232  17840.00  18728.00  888.00
233  18728.00  19616.00  888.00
234  19616.00  20504.00  888.00
235  20504.00  21392.00  888.00
236  21392.00  22280.00  888.00
237  22280.00  23168.00  888.00
238  23168.00  24056.00  888.00
239  24056.00  24944.00  888.00
240  24944.00  25832.00  888.00
241  25832.00  26720.00  888.00
242  26720.00  27608.00  888.00
243  27608.00  28496.00  888.00
244  28496.00  29384.00  888.00
245  29384.00  30272.00  888.00
246  30272.00  31160.00  888.00
247  31160.00  32048.00  888.00
248  32048.00  32936.00  888.00
249  32936.00  33824.00  888.00
250  33824.00  34712.00  888.00
251  34712.00  35600.00  888.00
252  35600.00  36488.00  888.00
253  36488.00  37376.00  888.00
254  37376.00  38264.00  888.00
255  38264.00  39152.00  888.00
256  39152.00  40040.00  888.00
